240863,138692,497673,441109,210957,30813,165490,117933,1203932,1434
302955,116433,569038,455465,225067,32185,149645,117238,1259078,4023
370989,126780,642106,493727,244218,34590,127967,122135,1341134,9758
418156,139654,682088,548115,278128,38614,123719,128803,1318816,9385
449458,92276,683152,557105,309966,42925,108922,126900,1291461,25073
460892,75658,694038,523188,338894,47790,102041,119741,1287146,58440
45608,19819,81678,76180,35482,6258,144377,29558,185228,287
51381,18439,84869,73259,36179,6407,132119,25727,190047,659
55657,20574,88697,71153,37546,6791,103284,24574,205655,591
63032,20823,92270,74332,42268,7734,78549,24314,204725,688
65831,14635,94060,73842,48716,8513,63246,22109,196693,740
62976,12215,89810,67030,54710,8865,59833,18830,172571,3154
54426,22496,87360,94748,45790,17061,180258,37096,182505,391
61771,21280,94649,91591,46906,18646,168988,34384,179106,693
65858,22967,97557,90492,47200,20040,146232,33127,193742,730
73524,24405,105641,93256,52561,21694,121360,33613,209368,841
79667,18108,109480,92461,58490,21763,101376,31872,213300,2955
76560,14621,104619,86894,66789,22109,93464,27603,186867,5875
191590,115739,419531,326812,141368,37750,232745,94484,595550,2914
267777,100497,505521,372653,166986,40543,196310,96486,659850,10104
333215,122117,615088,435127,197807,45273,157248,104767,738036,21955
379786,136903,660813,482231,235802,51203,137460,111579,768131,27900
412141,89806,661892,489219,260369,53926,117223,109198,729679,52232
416436,74239,655901,467180,287126,57633,107132,103661,707091,72182
58141,25440,94283,94776,44632,5626,130491,35679,225841,512
68412,22645,104128,91922,46475,5838,119403,32446,227707,669
78391,24559,113422,92643,48710,6324,97252,31360,227851,669
87521,26203,119108,97257,52515,7330,88009,30712,227444,820
92325,18572,119960,96320,60334,8173,70487,27863,213953,1620
88560,14820,117710,88997,69606,8602,63477,24148,196007,7988
31683,17971,58909,53295,25915,3755,54055,15895,163527,308
38411,16899,66518,51857,28743,4031,42669,15086,169331,349
43870,17105,71904,52975,30066,4165,32993,14057,174522,662
50299,18394,76375,55045,33202,4622,30198,14100,168413,774
53577,12627,77714,56015,36425,4937,21240,13008,163042,1033
53801,10712,75431,53162,40284,5458,20362,12106,149946,2697
189134,92542,343033,347979,147713,32949,158044,99599,608500,3804
234325,79393,381257,360570,157327,34251,137505,94231,586693,5989
272440,88346,415049,374509,169328,35789,113304,92969,609712,10342
309780,96724,443209,397544,191112,38576,100880,94859,640166,13418
328913,64359,447539,404256,220556,40560,85835,91582,610920,28662
328595,55127,442831,383466,245972,43848,80161,86030,590209,40915
70646,35725,125834,120446,57606,10389,225917,44106,335959,495
85888,34713,141667,117301,60597,10570,195076,41757,357947,1110
98043,38536,157931,119367,66282,11074,150148,41582,383763,1183
109809,41452,170135,129309,76272,12560,116930,42719,386694,1562
116581,28061,170229,130712,83089,14322,101108,39509,372922,4391
114498,22578,162556,123783,93158,14913,91538,35815,342722,8559
72278,38933,138739,129595,62960,9193,86928,37432,413786,165
91350,35978,157108,130600,66954,9794,73604,35605,429090,564
105910,39400,178720,135509,72750,10863,55474,35827,442481,534
120350,42786,193208,147810,82436,11991,49888,36129,426525,689
128442,28840,193995,149217,93073,13527,41031,34622,407713,1913
129214,25118,193132,140853,103149,14765,39161,32726,386650,6286
66133,36654,123796,113717,57713,8477,147478,36039,330323,542
84745,32705,143257,112639,61456,8764,123133,35193,356577,1594
99917,35642,164187,119380,68980,9321,98421,36151,382993,1229
114044,37720,175825,131989,80588,10235,83402,37934,377248,2000
121843,26270,176990,132033,88457,11204,71236,35239,371938,5040
123280,21654,175687,127892,98534,12275,65973,33245,349513,7526
117243,62076,219067,189038,82625,21575,123643,61171,449362,983
144872,55481,241807,194030,86463,21960,115820,57802,442597,2853
164767,57392,263740,204661,92452,22944,88353,55617,458380,5962
185250,62987,277589,218551,105848,26375,83915,56840,447733,7522
193049,41217,272943,216980,120165,27760,65671,53203,421917,15421
192756,34227,262608,204506,136994,28885,59497,49341,408336,21324
220228,130454,421673,368667,193936,70237,337522,145571,708894,1130
275107,115810,447925,378640,207031,75586,317294,135450,669350,3159
299944,119718,474444,390215,214314,76832,278105,129173,702747,9411
340488,125587,495455,404099,236663,80868,241416,132803,735311,13745
351680,83956,478802,405184,256767,82283,208416,123191,711841,28603
332551,66675,457257,376846,283118,81532,191795,110102,655082,49313
209379,118932,416312,360151,160396,29659,123652,101737,786293,4211
269028,101042,458605,370319,172145,31070,107475,94963,781449,14588
303046,110982,501003,399161,182407,33019,85494,93600,809073,25617
339463,116857,517782,404936,195705,37303,80137,91725,797855,23028
366983,81756,519797,414928,225141,39996,65128,86266,751717,47168
369483,64195,509795,396020,256783,41708,63879,79340,716375,56387
90749,40371,167806,141274,66589,17022,265229,50301,401613,914
123434,39920,202710,146263,75453,19087,219991,51228,445735,1519
152922,45248,239646,159601,87394,21381,172622,55079,493556,3237
179596,51644,262497,180541,103779,23464,143741,58976,507642,3936
188325,34229,265327,184771,116970,25337,121508,57471,497304,12804
184866,28009,259744,175444,128850,26336,108991,53615,474454,21251
48823,23847,84880,75545,42802,7263,62208,24238,197806,272
57830,22287,95359,78716,46036,7426,50046,23045,201336,519
67386,24017,104176,80716,48630,8033,39213,21986,211310,798
76424,25971,110117,88466,53722,8595,34692,22437,209910,988
81251,18411,111138,89339,56258,9038,24223,21367,199410,4034
79009,14317,109610,84303,61413,9762,23390,19141,188986,6393
55450,23291,88142,80830,40474,6903,190652,35488,201689,239
63491,21747,95724,79049,43845,7274,183625,31950,202620,326
69693,24664,103619,80829,46242,7801,154116,30802,220221,376
77928,26241,109958,85933,52286,8774,123841,31377,230828,366
84308,19688,113909,87238,58105,9705,102831,29562,226986,456
79334,16219,108675,83714,63872,10097,93054,25619,205587,2443
41506,22374,76761,68253,30098,5873,69685,24116,160388,318
49226,19840,82730,67107,31320,6079,62759,21628,160414,523
55920,20401,90316,69907,33237,6384,49877,20172,163198,731
62532,22160,97334,74323,36514,6937,45412,20773,161550,460
67069,15597,97113,73830,40790,7091,37760,18835,151536,1733
65914,12744,93429,68970,46505,7717,35029,17085,139252,4130
65958,25993,106170,109460,49780,9436,207452,41772,227269,739
78164,24805,120028,104046,53572,10336,187907,39382,222255,984
89324,26034,127490,104115,57597,10699,144560,37084,222662,1011
103811,27884,136335,106765,66635,11602,124553,36479,228865,696
111512,20225,141657,106672,77512,12530,98420,33643,223930,2856
110673,16540,138691,105047,89547,12972,93135,29661,209563,4006
328416,195617,644604,452957,217790,52922,65825,135367,1040915,7882
486583,164185,754758,510268,247083,58163,61395,135589,1109444,16127
617424,192276,900750,598917,282938,63914,52995,140382,1157856,26234
678163,201917,942417,665094,335954,69638,51821,148621,1137634,41941
719456,131180,939533,683208,373159,71405,45447,142602,1071746,67535
732629,103667,957876,666939,422759,76087,43546,136068,1038348,136616
37995,14527,54153,57618,29473,3566,86470,19598,110672,332
43620,12538,57836,55691,31109,3702,78713,17377,102462,861
48194,14131,59937,56173,31494,4061,65639,16726,103994,1186
53823,13951,63557,56625,34002,4465,59675,15991,106143,1045
55198,10417,64257,53620,37862,5560,49703,14395,100411,2397
52964,8888,60386,49936,41228,5613,46440,12347,88431,4162
73644,28414,112853,115922,56013,12118,198323,37595,212422,334
86122,25719,127038,112978,60044,11816,179042,34671,223866,677
98300,28760,135330,114444,63337,12448,144335,34412,238677,2258
113270,31622,144627,118525,72496,13541,124186,34086,243234,2378
120052,22607,148221,119053,83137,14902,105013,31565,236060,6277
121266,19103,145173,115618,93756,15576,98082,28561,227232,9504
119632,57384,193010,198430,90344,19322,66144,45089,395737,1363
145192,48884,210297,199173,98142,20448,57592,43212,391324,5375
160556,49454,228575,206806,102789,21013,46108,41887,397618,18677
177181,53049,241124,215259,116507,22231,44224,44371,384980,16602
181869,35995,234075,210385,125816,23374,35648,42333,357597,23393
185577,29572,231541,196605,138936,24495,34340,39213,334923,32818
62904,28927,120824,101585,51406,9566,101778,34897,299334,608
79988,26750,134716,101328,55918,10180,84867,33315,323364,957
91256,30439,151599,107054,59805,10261,65616,33406,346917,1623
103076,32750,164586,119736,71497,11497,60468,34532,348902,1927
110446,22957,168484,118862,77298,12764,47350,33199,335049,3457
109472,19383,164856,110435,86234,13421,44135,31070,329999,13617
77424,45205,159432,146778,61809,15896,156526,49893,274542,1214
95761,40750,176459,153889,67861,16411,147822,47240,287116,1936
116361,45873,201314,161639,74045,17657,121144,48370,311894,2979
134034,51790,213338,178232,85237,19514,94341,51382,332233,3845
141006,34507,214749,183727,94934,21067,73502,49183,330019,10717
140519,30374,205938,171913,106828,22190,68041,45711,304574,11685
45416,17819,72607,75505,37003,7033,130340,23489,149270,133
54406,16475,78912,72048,38158,8019,119659,20848,148852,424
60975,18899,84397,70101,39418,8215,97927,21014,159289,534
68457,19746,89685,74618,46345,8917,86351,21454,166532,444
73231,14365,92318,72626,51738,9685,72570,20069,158877,1502
72240,12166,90053,69919,57287,10053,68648,18312,149406,4654
77169,45736,146907,122597,68545,7590,216149,36691,389807,414
98655,41517,168665,121376,72770,7741,192601,34213,409553,604
112219,44242,183199,127551,80074,8494,163816,32922,420667,920
130621,46459,195369,140595,91999,9688,153705,33956,414812,1121
139456,32152,197668,145184,103465,10470,131550,32686,403317,4333
138148,26410,188688,137436,114909,11217,128669,29742,366773,8888
62293,23882,92618,101463,52613,15020,131659,37452,185655,232
73603,22282,100759,98739,54010,16046,118657,34925,181418,718
81738,24024,113084,95318,55562,16736,94268,33532,191487,692
91474,25489,116854,99964,62401,18166,78776,32986,198948,752
96076,18547,114743,97396,69443,18743,65574,29625,189240,2704
95717,15107,113229,90927,79530,19796,60935,26242,174838,3526
56134,29831,95465,85809,27129,6422,42257,16572,156869,1292
72521,26795,112329,92628,31535,7071,35869,15960,166904,4445
87129,32233,127382,104377,35675,8076,27968,16337,171860,5254
99677,34728,139922,112956,42916,9391,25922,17489,175764,7009
103526,24196,139444,112052,49970,10011,21015,16734,167638,11077
101865,18488,133523,104837,59476,10551,20487,16042,157585,11695
90159,45897,173799,154783,75661,12496,227507,55918,435655,362
109179,42259,189138,153281,78350,12616,177153,52014,448206,748
121311,46355,205611,157756,84114,13397,134881,51574,466089,975
136649,48710,213968,167294,95774,14761,118987,51465,468036,1685
144964,33185,215606,167592,106875,16342,90475,47480,438756,4528
143501,27379,206195,159281,119546,17869,89766,43175,410824,8039
49780,22231,78903,81112,40602,8188,114861,27685,157592,318
59570,19670,86958,79201,41501,8446,102769,25285,155075,668
66119,20792,92457,78609,43135,8481,80199,23963,167553,1084
74990,22568,98084,81445,47268,8947,67729,23512,176111,1198
78399,15654,99002,79157,52904,9466,55245,21755,167544,4168
76707,13264,96044,76074,60932,10045,50788,19782,162696,5313
78924,38111,130988,120437,51676,8927,121858,41522,331737,345
94647,33280,142793,118657,55266,9459,109351,38485,334473,1118
106823,34528,153546,122730,59237,9613,85870,37733,342496,869
122704,37554,166982,129921,66868,10334,78357,38561,336119,2159
126314,25179,166561,130712,75671,11080,62354,36382,314505,6749
124886,20066,161502,122531,86445,11819,59578,33616,298374,13771
43616,13913,62183,64886,38231,11708,53757,27054,112957,424
56847,15650,76721,69560,44571,12537,53970,26477,120152,2091
65105,18046,89375,74619,51482,12920,47136,26099,123680,1438
75016,19311,96525,80731,58229,13752,40938,25696,129830,1665
81021,15433,102019,81697,64840,14459,34500,25210,131668,4715
82665,12799,104759,78593,70798,15146,33320,23424,130629,8344
326222,207939,716860,702510,300841,40277,40797,157230,1311056,7315
432330,179516,789715,722920,317098,41812,37047,155160,1310504,22851
475476,181534,874024,762009,327000,43895,29897,156191,1343540,43193
526094,188820,892480,799313,362223,50043,29754,162676,1317088,42022
538069,122234,841205,757270,389391,52575,23957,149439,1189586,70455
538397,96269,821009,681993,421982,55958,24535,135429,1081420,97219
34313,13131,56030,54747,25644,4702,89490,18255,123012,224
40779,12594,61601,54280,27476,4918,78494,16573,122626,295
45968,14031,67405,53877,29110,5477,65505,15880,129385,137
52723,14949,72822,56984,32646,6034,56126,16067,134434,252
55475,10820,72810,57632,37729,6611,49077,14837,125552,914
56586,10145,70784,54838,43286,7051,45813,13631,119502,1743
208508,120796,458590,370655,141179,37599,160444,106015,852500,2957
294818,105940,555346,410085,168058,42558,139056,109389,940118,9844
369326,125514,691788,495463,200562,48703,111663,120105,1044421,24006
425420,139957,756133,564990,241309,55768,100913,134639,1060288,33552
452386,91243,756229,572193,275077,59580,85258,133367,1043518,59525
463500,76197,753999,543648,313223,62823,77328,127379,1004527,86565
41556,19888,80083,64122,28324,6939,61862,18571,198435,431
57813,18179,92918,65461,31975,7519,47359,17677,215508,1126
70065,22006,105455,72165,35297,7906,35729,17989,232518,1848
82837,24354,116154,81734,42791,8516,34802,19005,243158,1596
93181,17918,122463,86366,50389,9337,24716,19523,237062,8532
94476,14443,124738,85358,59369,10014,26380,19081,237151,9468
33086,14505,54572,49075,23413,4206,92966,19187,124112,188
38696,13808,59771,47220,24355,4294,81157,17657,127134,176
42316,14428,61209,47103,24368,4482,63314,15720,129255,362
47465,15238,65064,48131,27012,5115,55962,14842,127208,426
51242,11126,67128,47164,32247,5899,41387,13659,118418,1579
49012,8881,65294,44886,37820,6133,37194,12153,105394,2190
123748,67751,254429,229519,128757,24302,182601,71963,660074,440
161994,64004,287543,229613,134804,24577,163251,68338,703623,1785
190976,68649,324860,244202,145114,25704,135715,70177,758761,1959
214801,72346,339610,268719,160316,27050,126314,70780,757097,3294
228936,49608,344296,266145,171740,29076,108411,69756,735489,9707
232871,43602,338019,251914,187340,30589,98993,67124,722182,18013
60075,33304,117387,110173,56736,8572,147096,36916,324392,285
78283,30693,135912,106538,62043,9062,127032,35949,352391,602
96536,34493,158621,113506,69890,9716,101809,38185,377666,1589
110832,36109,171676,126093,82434,10760,88020,40143,372496,2230
122389,24214,171889,129801,90128,11633,75064,38121,368117,6732
123798,20005,171481,124984,95879,12733,68479,35433,353827,10520
36117,15530,48695,52223,23617,4136,77668,18383,127608,637
41117,13508,53166,51659,23901,4244,69441,16403,123973,1016
46757,14380,57174,51077,24891,4378,56649,15968,126994,1778
53119,15068,61390,51931,28557,4947,48742,15385,124720,2172
55812,10892,62357,50007,31650,5309,40324,13619,115394,5145
53547,8653,61173,47387,36937,5691,36349,12011,105412,6665
643754,395565,1251577,1006199,525274,69670,37159,212557,1516878,13419
836121,343515,1387459,1030597,556760,71446,36880,211794,1494653,36260
926081,341056,1490015,1082768,553583,74335,32672,205876,1499569,78106
959341,336973,1473730,1110960,601374,80839,32235,211129,1397124,105993
1024449,226547,1428446,1081678,632952,83741,28356,195048,1285688,171472
1008830,184230,1438445,990195,638914,88932,27500,174088,1168805,195594
26114,12413,44250,38582,20035,4856,64084,13610,99141,248
30599,11617,46870,37420,19865,4915,59696,12136,98131,290
33590,12276,49435,37177,20315,4943,50860,11676,101115,258
37652,12906,52109,38691,22331,5286,45017,11171,100949,653
41327,9284,53387,39394,25646,5741,36368,10606,96079,1610
39986,7641,51173,37439,30066,5924,32822,9348,86315,3834
45261,21954,83961,77457,31893,4671,69100,22704,218304,190
56234,19882,93498,74672,34103,4849,52614,21214,222501,356
64730,22309,101763,75070,36039,5312,38798,20925,228447,687
72252,24481,106894,79956,41164,5899,34788,21410,228040,318
76902,17205,107628,79959,46694,6397,24017,20427,217130,1343
74150,13867,102726,75655,51884,6804,24372,18649,206542,3402
40917,16792,70253,73048,34561,4794,80252,22359,155751,689
49045,15587,77377,70009,35533,5087,73940,20356,148810,1305
53255,16000,81259,72236,36568,5583,63373,19388,153821,2420
60642,17567,86754,73982,40020,6435,60461,18817,153620,3286
63061,12060,87095,70306,43723,7068,52250,16619,143221,3754
61831,10493,82780,64611,49555,7482,49356,15210,129375,7785
43815,23176,85815,77460,34898,7033,148790,24592,203279,134
51442,21500,88918,76066,35926,7299,130022,21826,219230,377
57022,24485,96070,76551,37813,7570,104228,21800,230862,450
65337,24621,101202,79334,42891,8321,84952,22367,227597,571
69164,17858,104474,79513,48574,9400,70733,20940,221263,661
67786,14220,98871,75957,56591,9590,65590,18206,201869,3409
63583,29441,117536,102457,50538,12743,105104,43460,242702,366
77371,25873,125720,100458,52432,12898,98358,38392,235128,914
86708,27638,127993,101109,54246,12928,78207,34491,242083,1110
94903,28988,132518,103443,59255,13730,69421,33408,247410,1464
97088,19674,131610,100011,64341,14595,53611,30457,231905,3412
94236,16329,124688,92478,72022,15582,48845,26929,218711,6511
30539,14922,53697,50965,27925,3938,72631,14099,129777,167
37340,14459,63829,50317,30161,4200,62829,13598,141393,458
44003,16023,72126,53404,34080,4590,51407,13129,150871,504
52421,17438,78482,58106,39606,5276,46056,13501,151148,412
56295,12462,80433,59018,43253,5832,40201,12745,145951,1498
55754,10510,77552,55927,46972,6431,37480,11419,138299,3856