151,35,2.1,225,201,14,44,150,423,50,48,62,167,100,114,294,29,179,128,18428392,-12.5,34.1,83457,214,215,231,243,284,301,336,399,358,337,341,417,444,358,320,281,212,203,40158,55404,28389,12596,2389200,5320600,8600,186900
72,7.4,0.7,62,72,3.2,4.9,30,105,14,6.6,13,35,24,27,73,7.7,40,35,4474760,-8.6,36.6,9645,51,56,64,67,58,66,76,89,86,87,97,109,115,85,86,72,56,52,9711,16030,5924,2679,501200,1336100,1200,37100
69,8.8,0.9,54,93,3.3,6.6,34,103,14,5.8,13,33,21,27,75,7.5,29,25,4096965,-12.4,35.8,15279,49,50,58,62,60,62,73,79,77,86,86,99,106,91,86,84,63,55,9745,15756,5724,2327,479500,1294400,1800,36100
47,8.9,0.1,98,139,7.5,24,69,196,24,17,24,63,40,57,105,6.8,64,40,8045272,-6.1,35.5,6862,100,95,103,117,138,145,158,165,150,143,143,170,167,131,121,111,90,83,19126,21932,11972,4667,883800,2297800,2300,50200
48,0.7,0.5,49,72,2.2,5.2,23,84,11,4.9,9.2,28,20,20,64,5.4,25,22,3526125,-7.2,35,11636,40,38,44,46,41,49,62,61,55,65,79,85,91,70,76,69,61,51,6688,14288,4281,1795,383100,1057900,700,28000
53,0.7,0.4,51,117,1.8,5.3,23,92,9.1,6.4,9.7,30,21,24,63,6.7,25,21,3739070,-8,37.2,6652,44,46,49,55,52,64,63,73,58,69,80,85,88,70,69,73,69,55,8651,14084,5159,1887,385200,1136900,1000,31900
70,2.8,1.3,79,197,7.7,8.2,45,135,17,11,22,47,34,42,94,7.6,50,28,7126334,-6.2,37.6,13783,78,87,103,108,92,104,121,118,118,124,143,148,152,120,112,118,93,79,16126,22747,9582,3965,703100,1986600,1900,42200
88,1.5,0.4,108,283,6.1,27,78,214,31,18,56,71,61,62,127,7.2,77,47,11188477,-6.5,36.1,6096,120,132,147,152,152,168,182,219,196,190,181,215,227,191,158,131,98,93,23989,28615,15044,5693,1056300,2913200,4800,55600
52,0.1,0.4,80,236,4.9,12,48,154,20,12,35,56,41,43,88,7.3,47,25,7807794,-5.5,37.2,6408,83,87,93,96,100,117,135,142,125,124,136,153,158,122,103,87,70,65,16473,19712,10616,3898,723300,1970600,1600,36500
55,0.3,0.3,73,217,6.0,14,45,156,22,11,22,52,39,38,105,7.7,43,30,7427842,-4.3,38.5,6362,86,92,94,92,94,110,116,144,135,119,122,135,163,141,113,94,75,72,16023,20385,9679,3865,733300,1971800,1300,36300
62,0,0.6,269,559,14,134,234,609,106,80,117,178,128,156,296,14,219,113,20108381,-5.2,37.9,3768,307,310,326,362,426,428,477,591,529,445,420,483,569,482,384,277,173,156,59437,55487,39160,14325,2764500,7091800,3300,103100
83,4.2,1.8,219,347,14,128,205,506,99,71,106,166,117,123,252,10,187,95,19005963,-1.1,37.3,5082,270,271,286,286,357,391,425,515,456,389,352,397,479,424,329,249,155,137,51633,50014,34785,12391,2450400,6126100,4900,91000
32,0.8,1.4,345,563,22,427,282,914,228,217,318,370,224,256,485,15,396,160,91139263,-0.4,37.2,2103,526,478,479,540,823,961,1017,1159,1020,894,717,741,867,754,646,539,358,323,108135,104238,91196,26335,6327000,12979400,12400,182300
45,1.9,0.4,303,585,15,252,246,682,124,118,200,245,155,187,376,15,281,125,29757052,-0.3,35.6,2416,400,381,387,415,521,584,664,773,710,603,497,558,654,577,454,356,233,210,78077,67760,54203,17830,3795100,8899300,13000,150200
70,1.5,2.4,120,204,7.4,16,55,196,23,14,24,61,43,45,131,9.5,58,36,8606775,-3.7,35.1,10364,85,100,113,116,95,112,142,160,143,137,151,178,189,148,143,133,114,103,18083,26618,11018,3438,836000,2322300,1300,52700
18,1.4,0.5,51,127,4.3,10,24,89,14,6.9,12,35,23,23,62,6.3,27,14,4370400,-2.8,37.6,2046,42,49,51,42,47,59,66,78,69,62,66,79,98,76,62,55,47,45,8188,11875,4928,1569,365200,1069700,600,23700
15,2.9,0.4,51,103,2.9,10,28,96,14,9.7,13,36,21,29,68,4.7,34,19,4264966,-2,35.5,4186,50,53,58,55,60,59,69,85,75,72,68,77,101,75,57,56,43,44,9602,11607,5829,1817,427100,1136200,1000,33800
15,1.2,0.1,41,92,3.7,6.4,20,63,9.9,3.4,10,25,15,20,47,3.8,22,13,3302825,-3,37.1,4190,31,35,41,40,36,42,50,48,50,51,57,57,65,52,43,40,32,30,6874,8417,3705,1233,268800,788600,500,17900
30,0,0.4,34,82,1.9,5.1,16,67,12,6.9,8.8,29,18,20,39,4.6,22,17,3123259,-6.5,37.5,4201,36,39,42,43,46,38,53,59,58,59,52,62,64,56,45,41,33,34,6651,9268,4221,1693,314000,846500,500,16200
112,0.1,0.5,84,223,5.8,16,43,166,23,12,21,67,40,45,114,9.8,49,31,8024077,-9.7,35.9,13105,82,100,115,102,85,97,123,144,141,140,125,143,171,148,124,115,100,93,17233,23133,10318,3636,777800,2113700,1700,39000
30,0.2,0.2,79,238,6.1,13,49,168,27,9.9,26,64,45,44,101,9.1,53,29,7093400,-3.5,37.7,9768,88,98,105,97,99,115,128,149,128,126,123,138,174,136,118,102,81,67,16887,20220,10087,3395,714300,2046500,1200,34700
78,5.1,0.9,150,476,7.3,25,95,299,38,23,54,117,72,73,169,13,95,56,15765640,-2.6,36.3,7255,156,171,179,176,170,198,231,269,249,237,232,266,312,250,214,178,138,117,31896,36420,20323,7241,1363000,3699000,1900,66100
76,3.6,0.4,256,899,19,73,213,613,81,58,102,211,117,149,303,18,191,90,31642329,-2.2,38,5116,359,348,358,352,417,463,505,618,543,459,424,442,549,464,371,293,191,160,69872,58477,45039,14253,2894000,7308400,4100,100100
30,6.6,0.6,60,209,5.5,11,48,134,19,8.9,20,52,37,39,85,7.3,47,28,7368128,-0.6,37.9,5762,72,76,93,93,89,94,100,129,125,125,107,127,147,126,115,98,73,55,15262,18691,9396,3461,694000,1817100,1100,37600
16,0.4,0.2,42,176,3.4,9.3,34,104,14,8.1,16,38,24,28,65,4.7,33,20,6013854,-2.4,37.5,3767,64,77,75,73,87,78,89,108,94,87,81,89,109,88,62,55,43,39,13363,11602,7691,2466,503100,1393400,500,16900
24,0.5,0.2,71,194,6.2,22,60,215,26,26,38,87,45,74,130,5.0,64,39,9372569,-2.5,38.1,4613,109,113,118,122,156,141,168,195,172,152,148,163,219,177,150,124,89,82,21234,23714,13664,4964,1085300,2580700,1500,56000
17,0.6,0.3,278,605,16,99,227,693,101,108,118,227,133,164,397,16,229,87,36384314,-1.3,37.4,1898,381,390,413,412,485,534,569,715,654,546,473,549,700,617,515,382,237,202,75080,76556,51242,20752,3752100,8724000,6100,138900
50,2.4,0.3,176,451,12,52,142,421,66,51,83,146,89,118,264,13,143,73,18346170,-0.9,36.3,8396,237,252,274,264,276,296,351,430,378,345,328,381,447,371,299,255,190,160,47834,51568,29752,10738,2209100,5487500,4100,101700
15,0,0,37,98,4.8,13,24,111,19,13,17,31,25,35,71,4.3,39,24,3551806,-4.1,36.9,3691,52,63,73,75,72,71,77,100,97,91,81,96,119,95,80,68,43,38,10694,13036,6595,2602,516600,1372300,1300,27700
43,2.2,0,34,64,3.9,4.4,23,70,9.0,5.4,11,25,18,20,61,5.8,24,18,3503380,-1.2,36.2,4726,42,44,46,47,40,49,51,69,59,63,65,70,83,70,60,55,42,36,7587,12049,4771,2077,391900,981700,600,19500
25,1.3,0,24,38,1.7,2.7,11,42,5.7,2.9,6.3,15,11,14,37,4.1,15,12,1836172,-2.4,38.4,3507,27,25,27,26,28,28,34,40,29,37,40,42,48,36,32,32,29,25,4790,6947,2834,1141,202600,573900,400,14600
25,3.6,0.7,34,49,2.3,2.0,12,58,7.4,2.1,8.3,19,10,17,51,4.2,19,15,2325350,-2.5,37.4,6708,27,31,36,33,28,30,39,48,36,40,46,52,60,47,42,49,38,33,5756,9109,3283,1110,250500,692600,800,23700
46,1.6,0.9,78,169,4.9,13,52,148,19,12,19,46,27,45,106,8.9,45,31,7064698,-2,37.9,7010,81,88,95,100,103,99,109,141,112,115,116,127,159,128,107,97,80,73,16759,20248,9894,3626,729900,1892100,1900,52900
40,3.5,0.1,106,231,7.2,25,77,234,27,22,39,71,48,57,156,12,78,51,10808039,-1.8,37,8480,123,134,137,132,147,157,173,216,183,167,166,189,223,189,152,132,106,99,25546,27561,15402,5472,1165800,2793600,2100,67200
35,5.8,0.6,63,113,4.1,6.3,37,111,13,8.1,14,38,26,31,85,6.8,39,29,5752238,-3.5,36,6114,54,63,67,64,58,71,74,92,81,86,89,108,132,103,91,91,65,58,11551,17646,6966,2531,582300,1406700,1400,44700
26,3.5,0,33,54,1.5,6.3,14,51,7.8,4.0,6.3,19,14,21,48,3.2,19,16,2819974,-1.2,36,4147,25,30,37,37,34,40,44,49,46,49,48,65,71,51,43,44,37,29,5904,9307,3573,1445,296300,760900,600,25000
22,3.0,0.4,40,78,4.1,7.6,27,82,13,6.0,12,27,17,20,55,4.0,26,16,3571168,-1.5,36.8,1862,40,48,51,45,37,47,59,71,60,57,58,70,92,65,53,54,38,37,8397,11064,4975,1928,378600,970400,800,25400
43,5.8,0.1,54,102,4.2,7.1,32,111,16,8.1,14,42,26,30,79,6.4,30,20,4887896,-1.8,36.5,5678,61,63,69,61,61,75,82,101,79,80,91,100,122,95,86,74,61,61,11427,16344,6922,2811,576600,1391500,1300,39400
34,2.7,0.9,29,28,0.9,4.2,13,59,7.3,4.4,7.8,20,14,20,53,4.1,15,15,2158415,-3.1,35.5,7105,28,34,34,31,28,36,42,53,47,43,46,52,71,53,47,43,38,33,5518,9769,3328,1463,318300,739900,600,24700
68,4.7,0.6,185,260,12,55,133,428,61,44,69,138,95,103,288,9.4,142,75,18041898,-1.3,37.4,4845,221,231,242,253,273,305,329,375,312,311,300,370,400,298,259,226,161,136,46818,46996,29247,10952,2081400,4947400,4500,125400
36,2.2,0.4,33,60,2.9,3.0,20,63,6.0,4.2,8.7,24,15,21,57,5.6,22,17,2867595,-1.8,36.7,2440,34,41,42,46,36,47,52,50,46,48,53,69,72,49,47,46,37,32,7640,9212,4210,1536,286700,824600,800,25100
39,13,0.6,56,67,3.2,5.3,30,107,17,9.4,16,39,27,29,97,8.5,36,35,4377020,-0.2,35,4105,61,62,74,75,66,63,79,86,88,88,93,114,116,82,82,82,56,56,12004,16303,6647,2515,538900,1369900,2300,56700
80,7.6,1.2,63,104,2.5,11,36,134,18,11,19,51,38,34,124,9.9,42,36,5559799,-2.5,37,7268,80,77,87,86,89,94,101,107,101,106,122,140,143,106,107,100,82,74,16246,19217,9098,3623,675700,1764800,2200,52600
41,5.0,0.3,45,80,2.8,6.8,28,95,12,6.9,13,33,20,23,71,5.7,30,24,4293466,-1.5,36.8,5100,49,51,58,57,53,60,66,79,72,72,76,85,104,80,67,65,55,42,10072,12988,6076,2314,478400,1164100,1000,32300
59,3.2,0,48,68,2.4,5.4,22,88,9.9,6.5,9.3,28,19,22,71,7.0,27,22,3496699,-1.8,35.5,6795,50,50,56,51,48,52,70,66,62,72,76,88,94,71,64,66,47,47,10217,12334,5892,2415,456200,1102200,1300,32900
74,5.5,0.7,62,79,3.4,8.6,37,130,16,8.7,18,45,28,39,116,9.6,33,34,5446148,-0.2,34.7,9044,80,70,86,81,73,81,99,106,95,100,114,125,123,99,107,95,84,77,15124,20294,8682,3328,718600,1647400,2300,59000
24,2.8,0,51,25,3.2,13,30,94,11,14,16,46,26,27,70,5.1,41,34,3725567,8,34.6,2276,83,83,84,88,79,86,91,98,91,89,95,98,84,62,60,51,30,32,17098,10156,8892,3580,504200,1363100,800,29400